1 0.08628686327077749 0.46226519337016575 0.02132707774798927 0.08425414364640885
1 0.154798927613941 0.46226519337016575 0.019329758713136712 0.09243093922651928
0 0.2262868632707775 0.4683977900552486 0.020308310991957075 0.09243093922651928
0 0.17589812332439678 0.5492817679558011 0.018833780160857926 0.08220994475138119
1 0.1346916890080429 0.6311049723756906 0.020817694369973192 0.08635359116022097
1 0.27617962466487933 0.5472375690607735 0.019812332439678247 0.08220994475138119
1 0.3722386058981233 0.548232044198895 0.021286863270777473 0.08425414364640885
1 0.6789812332439678 0.4641988950276243 0.020067024128686363 0.08348066298342534
1 0.8435120643431635 0.46618784530386737 0.021487935656836425 0.09143646408839785
1 0.9235120643431636 0.46812154696132596 0.02099195710455775 0.08745856353591167
1 0.44765415549597853 0.6315469613259669 0.02154155495978559 0.08950276243093916
1 0.8343967828418231 0.7959116022099447 0.021487935656836425 0.08950276243093916
0 0.2893699731903485 0.6305524861878453 0.01916890080428956 0.08679558011049728
0 0.8889142091152815 0.7919337016574586 0.021005361930295004 0.08950276243093916