1 0.0827041499330656 0.3522448979591837 0.02030789825970548 0.07908163265306123
0 0.08295850066934404 0.27474489795918366 0.01981258366800536 0.07964285714285714
0 0.0827041499330656 0.19918367346938776 0.022289156626506032 0.07959183673469386
0 0.16599732262382866 0.35321428571428576 0.020294511378848742 0.08153061224489794
0 0.43544846050870145 0.35321428571428576 0.0197590361445783 0.07775510204081634
0 0.43495314591700135 0.2757142857142857 0.0197590361445783 0.08530612244897959
1 0.536586345381526 0.35035714285714287 0.019745649263721552 0.08285714285714287
1 0.5363453815261043 0.2757142857142857 0.01925033467202141 0.07724489795918367
0 0.5363453815261043 0.20198979591836735 0.020240963855421693 0.07770408163265308
1 0.16574297188755022 0.27193877551020407 0.01781793842034806 0.08102040816326528
1 0.1655020080321285 0.20010204081632652 0.020294511378848742 0.07392857142857143
1 0.2522623828647925 0.34938775510204084 0.019290495314591732 0.08857142857142854
1 0.2522623828647925 0.27382653061224493 0.017309236947791174 0.08102040816326528
1 0.2520080321285141 0.20010204081632652 0.02176706827309236 0.07770408163265308
1 0.43495314591700135 0.19729591836734695 0.020749665327978582 0.07581632653061224
1 0.6226104417670683 0.34938775510204084 0.020227576974564943 0.08474489795918363
1 0.6226104417670683 0.2766326530612245 0.019236947791164666 0.07535714285714283
1 0.62285140562249 0.19918367346938776 0.019732262382864806 0.07581632653061224