0 0.059625167336010705 0.056824644549763034 0.020053547523427046 0.03466824644549764
1 0.09618473895582329 0.16210900473933648 0.02005354752342703 0.042772511848341244
0 0.10982597054886212 0.12746445497630332 0.020562248995983915 0.037440758293838854
0 0.026934404283801876 0.1607345971563981 0.01954484605087015 0.03457345971563982
0 0.2709772423025435 0.09101895734597155 0.019518072289156606 0.037322274881516584
1 0.1517804551539491 0.40959715639810423 0.02004016064257028 0.03632701421800944
1 0.15049531459170012 0.37357819905213274 0.01953145917001339 0.03177725118483418
1 0.15076305220883535 0.3416824644549763 0.021070950468540843 0.03383886255924164
0 0.15152610441767067 0.3029383886255924 0.02159303882195448 0.038175355450237
0 0.18242302543507363 0.4469668246445498 0.02157965194109773 0.040236966824644595
0 0.3167871485943775 0.30386255924170613 0.021566265060240983 0.038388625592417035
0 0.3260642570281124 0.37587677725118485 0.020535475234270382 0.040236966824644595
0 0.26994645247657295 0.40959715639810423 0.021566265060240983 0.03997630331753556
1 0.5155153949129853 0.4100473933649289 0.02050870147255696 0.039075829383886276
0 0.5144979919678715 0.3745023696682464 0.02050870147255696 0.03566350710900477
1 0.649892904953146 0.4091232227488152 0.019451137884872786 0.039075829383886276
0 0.649892904953146 0.3745023696682464 0.02151271753681399 0.037251184834123284
0 0.6496385542168674 0.34030805687203797 0.0210040160642571 0.03656398104265404
0 0.8746184738955823 0.2345734597156398 0.020963855421686856 0.036540284360189544
0 0.5495046854082999 0.45106635071090045 0.02049531459170006 0.03905213270142185
0 0.8298259705488621 0.768744075829384 0.02200803212851413 0.040331753554502324
0 0.690562248995984 0.9104739336492892 0.020481927710843312 0.039454976303317485
1 0.10982597054886212 0.05682464454976303 0.022623828647925042 0.03831753554502369
1 0.06014725568942436 0.12793838862559243 0.02108433734939759 0.03651658767772511
1 0.16053547523427042 0.12701421800947868 0.02004016064257028 0.03651658767772511
1 0.1764926372155288 0.1607345971563981 0.0200401606425703 0.038222748815165866
1 0.2707095046854083 0.05545023696682464 0.020026773761713492 0.03734597156398104
1 0.3888755020080321 0.09236966824644549 0.02052208835341371 0.04007109004739336
1 0.38860776439089695 0.055924170616113746 0.021044176706827344 0.03649289099526066
1 0.27148594377510044 0.19447867298578198 0.020535475234270382 0.036398104265402874
1 0.4056091030789826 0.1981042654028436 0.02206157965194112 0.04002369668246442
1 0.34742971887550195 0.23229857819905214 0.020013386880856784 0.03912322274881514
1 0.2709772423025435 0.2664691943127962 0.02362784471218203 0.03819905213270143
1 0.3636412315930388 0.26739336492890997 0.021552878179384234 0.036374407582938376
1 0.7863319946452476 0.26921800947867297 0.022530120481927613 0.03656398104265404
1 0.6496385542168674 0.3029383886255924 0.0189424364123159 0.03473933649289102
1 0.5147523427041499 0.3394075829383886 0.0230789825970549 0.038388625592417035
1 0.44884872824631866 0.3056872037914692 0.023092369477911646 0.038388625592417035
1 0.3790896921017403 0.30386255924170613 0.021552878179384234 0.03473933649289102
1 0.2707095046854083 0.34030805687203797 0.021057563587684094 0.03656398104265404
1 0.025903614457831327 0.4091232227488152 0.02060240963855422 0.03542654028436016
1 0.026934404283801876 0.37587677725118485 0.022663989290495314 0.03293838862559236
1 0.026680053547523428 0.3394075829383886 0.022155287817938418 0.038388625592417035
1 0.09000000000000001 0.44559241706161135 0.020053547523427036 0.03540284360189573
1 0.28049531459170013 0.4465165876777251 0.020026773761713492 0.037227488151658716
1 0.3772824631860776 0.4465165876777251 0.020013386880856823 0.03905213270142185
1 0.39556894243641233 0.4091232227488152 0.019491298527443034 0.037251184834123284
1 0.45708165997322625 0.44786729857819907 0.020000000000000073 0.03632701421800944
1 0.6571084337349398 0.4469668246445498 0.019451137884872786 0.03450236966824645
1 0.7868406961178045 0.4091232227488152 0.01943775100401604 0.037251184834123284
1 0.7863319946452476 0.37267772511848346 0.018406961178045515 0.037251184834123284
1 0.7863319946452476 0.3384834123222749 0.018406961178045515 0.03291469194312793
1 0.8643239625167336 0.4091232227488152 0.019933065595716334 0.037251184834123284
1 0.9425836680053548 0.4086729857819905 0.019933065595716334 0.038151658767772566
1 0.779892904953146 0.7669194312796208 0.01994645247657308 0.03988151658767782
1 0.7415394912985274 0.9095734597156397 0.021499330655957088 0.038933649289099405