0 0.08573839662447258 0.14320029027576198 0.01772151898734177 0.037133526850508
0 0.1722746451860376 0.17903483309143686 0.020107403145377813 0.03803338171262701
0 0.13152665899501342 0.2157837445573295 0.019202148062907536 0.035457184325108866
0 0.040429612581511315 0.40040638606676343 0.021108553893364027 0.03460087082728597
0 0.6536363636363636 0.14365021770682146 0.018116609129267363 0.03804063860667636
0 0.8106559263521289 0.14320754716981132 0.018826237054085128 0.039071117561683584
0 0.8015458381281166 0.2888171262699565 0.018822401227464407 0.041828737300435404
0 0.6462063674721903 0.5070029027576197 0.018799386267740782 0.03735123367198841
0 0.8653126198695819 0.5423875181422351 0.01883390870732657 0.037358490566037746
0 0.8653126198695819 0.8776052249637155 0.016915995397008193 0.03653846153846147
0 0.6466858457997698 0.8435849056603774 0.018799386267740782 0.03925253991291738
0 0.04067126965861143 0.7365312046444122 0.019670118910625246 0.03740928882438321
1 0.1507019562715765 0.1441146589259797 0.01920598388952821 0.03725689404934686
1 0.21902186421173764 0.14320754716981132 0.01969313387034903 0.03544267053701014
1 0.26720751822017647 0.17949201741654572 0.01817414652857695 0.03531204644412193
1 0.3592596854622171 0.17994920174165455 0.02019562715765251 0.038171262699564584
1 0.2801534330648255 0.21669085631349783 0.019225163022631334 0.037271407837445585
1 0.4311775987725355 0.21714078374455734 0.02020713463751432 0.038178519593613944
1 0.8878442654392023 0.1445645863570392 0.019796701189106126 0.03816400580551522
1 0.8542846183352512 0.2888171262699565 0.019789029535865036 0.03638606676342524
1 0.6948714998082086 0.5070029027576197 0.018327579593402456 0.03735123367198841
1 0.9209282700421941 0.5428374455732946 0.01884158036056766 0.036451378809869386
1 0.08837360951285002 0.738345428156749 0.019194476409666292 0.035595065312046495
1 0.08813578826237055 0.3985921625544267 0.019673954737245883 0.038229317851959405
1 0.6943920214806291 0.8435849056603774 0.019286536248561643 0.03743831640058066
1 0.920686612965094 0.8789695210449927 0.019321058688147253 0.03744557329462983