0 0.07021089630931458 0.09792746113989638 0.03272407732864676 0.06179126572908958
1 0.06947568834212067 0.03623242042931162 0.03317809021675453 0.051909696521095484
1 0.28279730521382546 0.258319763138416 0.030216754540128905 0.056898593634344935
1 0.07118629173989455 0.2589341228719467 0.03369947275922672 0.05319763138415989
1 0.12830111306385472 0.37737971872686893 0.03175454012888107 0.05569207994078457
1 0.29475981253661393 0.37430051813471504 0.032756297598125345 0.056928201332346384
1 0.47073520796719387 0.09545521835677277 0.03131810193321619 0.05685418208734271
1 0.5129613356766256 0.20526276831976314 0.032788517867604 0.04948186528497411
1 0.7267721148213239 0.20464840858623243 0.030869947275922766 0.05071798667653588
1 0.8053632103104863 0.20526276831976314 0.03185705916813129 0.05441894892672093
1 0.8934739308728764 0.20464840858623243 0.0313825424721735 0.05564766839378241
1 0.734581136496778 0.42673575129533675 0.030869947275922766 0.05570688378978534
1 0.8373374340949034 0.42488527017024424 0.028444639718804825 0.047068837897853384
1 0.5620210896309314 0.4285862324204293 0.032308142940831924 0.05200592153960029
1 0.32233743409490334 0.8234048852701703 0.031186291739894494 0.054574389341228734
0 0.46951376684241364 0.03746854182087343 0.031652021089630916 0.059311621021465574
0 0.061177504393673116 0.20711324944485565 0.020518453427065028 0.04084381939304217
0 0.4299736379613357 0.20403404885270168 0.031657879320445205 0.05194670614359736
0 0.6367047451669596 0.20464840858623243 0.031139425893380316 0.05071798667653588
0 0.19810193321616873 0.37121391561806066 0.031693028705331 0.05569207994078461
0 0.15734329232571762 0.8203182827535159 0.03121265377855886 0.053338267949666875